=====file=====
7.94
7.68
10.30
5.80
4.14
10.05
6.03
7.06
7.08
2.85
4.33
5.29
8.83
8.35
5.75
3.97
5.80
5.13
5.91
116.37
=====class=====
2.80
7.58
9.52
6.33
4.52
11.67
6.39
6.08
6.90
2.51
3.45
4.75
6.59
7.78
4.47
4.11
4.87
5.45
5.76
105.76
=====method=====
3.03
6.22
11.78
8.91
4.82
11.47
7.47
5.94
8.57
2.98
4.39
5.50
6.61
7.52
6.29
4.68
6.97
6.13
6.25
119.29
=====block=====
2.37
7.43
9.05
8.27
2.82
10.75
7.82
5.52
6.93
1.90
3.28
4.61
7.12
7.28
6.08
2.78
4.42
2.94
5.80
101.36
