=====file=====
0.48
2.88
8.53
1.28
0.77
7.20
1.28
1.40
1.97
0.52
0.64
0.62
5.20
3.81
1.42
0.93
0.96
0.67
1.28
40.57
=====class=====
0.49
2.94
6.44
1.71
0.70
8.90
1.68
1.39
1.53
0.47
0.51
0.53
2.27
3.41
0.84
0.84
0.73
0.73
1.12
36.12
=====method=====
0.55
1.72
10.21
3.65
0.54
9.79
3.19
2.55
2.04
0.45
0.63
0.61
3.49
3.90
1.26
1.04
1.11
0.86
1.49
47.59
=====block=====
0.24
1.61
5.93
2.76
0.47
6.08
2.31
1.68
1.23
0.19
0.44
0.58
3.01
2.70
1.19
0.37
0.58
0.52
1.21
31.90
